ID,Adoption,Died,Euthanasia,Return_to_owner,Transfer
1,0.10759190186295907,0.0019140024874520446,0.019537401610519544,0.09030168365516533,0.7806550103839044
2,0.7402907223773154,8.088756371083704e-05,0.0013371185519614125,0.14897648411621056,0.10931478739080153
3,0.22418339604781154,0.003576848666507428,0.007107379907884815,0.3604423909185342,0.40468998445926185
4,0.3773127894139112,0.00027431200430147923,0.05686681163133026,0.11792760236798172,0.4476184845824751
5,0.5692760882926058,0.00021998302487624444,0.0037672555867671684,0.3523549750990169,0.074381697996734
6,0.4004919063824022,0.0006179901305236351,0.009036388628157175,0.47605138242204814,0.11380233243686866
7,0.3043720011134728,0.002560981382114838,0.35199930182287265,0.14551386611001488,0.195553849571525
8,0.6291835195929687,0.0024619673339980846,0.003253122751930777,0.00606343589704862,0.3590379544240539
9,0.8243468258031637,5.701966612019932e-05,0.0011064556543399662,0.09706753934982049,0.0774221595265558
10,0.7244919077143538,0.00010799237768014426,0.001718818159470957,0.1584758975075154,0.1152053842409798
11,0.6136444899872073,4.321041408988109e-05,0.001129611562125501,0.22215186005207732,0.16303082798450014
12,0.017377153011006594,0.0009386425170029901,0.12156561802486951,0.21825253529040045,0.6418660511567205
13,0.8266257034858728,6.995784061542768e-05,0.0009960699592051702,0.10950610541650116,0.06280216329780525
14,0.7101517351919295,0.0005248460525166133,0.021172822608199266,0.1621015101748306,0.10604908597252388
15,0.7778029493284209,0.00033022642200356727,0.0025104639664797874,0.15292755866074603,0.06642880162234982
16,0.7740845024027361,4.152609774796306e-05,0.0010513670333757053,0.21342051272337367,0.011402091742766667
17,0.37424178208689884,0.00019244575333425933,0.006885301710064323,0.5508746269312164,0.06780584351848638
18,0.5960347732252401,0.00012711933384514646,0.004603710687838843,0.32985377641054303,0.06938062034253256
19,0.16417466639436484,0.00045491730801607184,0.054907932564523414,0.4152753531384413,0.36518713059465446
20,0.05525313798512,0.0013135309469273163,0.2451195088357127,0.10310815415365818,0.5952056680785822
21,0.7253341347069419,0.00017393726823040226,0.0014609854980447488,0.15896420660593408,0.11406673592084901
22,0.02374870076936728,0.004039837130755518,0.009118151238505694,0.0013145472322912105,0.96177876362908
23,0.5198295638019135,0.0005532685190275013,0.10364073524178356,0.23941213777113945,0.13656429466613604
24,0.010997452593648921,0.005804380070393561,0.07070131643231742,0.0007626869495312688,0.9117341639541092
25,0.7449003818846427,0.00012118587849714401,0.0011234755803898326,0.19191843887711468,0.061936517779355944
26,0.13000365395481325,0.005695677627616079,0.2734960569470195,0.10134632058331335,0.48945829088723763
27,0.9672614780903952,0.00028331985043200534,0.001288067541717293,0.00662213635929273,0.02454499815816279
28,0.20895583834170678,0.05753687372993788,0.12085862604443245,0.004569821447626024,0.6080788404362971
29,0.4185475520173579,0.000231746059213102,0.005123062595911279,0.40394786574438396,0.17214977358313388
30,0.3142624673282409,0.00026628657214205803,0.005086394016395421,0.6530571526189327,0.02732769946428868
31,0.3791626523624675,0.0003437044976412238,0.021019283295359736,0.21586977317499806,0.38360458666953345
32,0.8102046545540444,0.0002929281303164048,0.001686097973074938,0.0544341609041683,0.13338215843839613
33,0.26799367378532,0.05238945426046115,0.02296505281996198,0.10172626653843538,0.5549255525958212
34,0.9537195873140293,0.0006737906073886389,0.00250451112053733,0.008148498061575006,0.03495361289646952
35,0.4731264512202676,0.004643028776083638,0.01061579006238672,0.005321770452260003,0.5062929594890019
36,0.37057454646583166,0.0007887556186443984,0.007275902553930823,0.3557296174717435,0.2656311778898498
37,0.10945370366713306,0.008282864225447582,0.07393321113455074,0.0016692724504102073,0.8066609485224588
38,0.9106106172834871,0.00028877830103687875,0.0024071685113864153,0.0646166047532383,0.02207683115085115
39,0.4704322037828881,6.882641985027326e-05,0.0026587428789987856,0.46263028089309827,0.06420994602516478
40,0.3161707285098951,0.0017838919035900462,0.026954543429863503,0.10680756331817876,0.5482832728384726
41,0.4274062917410537,0.0003391420413184256,0.013221379354189173,0.30167973332401404,0.2573534535394244
42,0.018048355720951748,0.004305541610186033,0.0780695432954905,0.0013340755397656643,0.898242483833606
43,0.5497822932972618,0.0009162710161587304,0.10188366926779054,0.054957552390366135,0.2924602140284228
44,0.015069032102613525,0.057417574983653234,0.023762588691890074,0.0010372683816085191,0.902713535840235
45,0.12935861332167514,0.004991237227898557,0.2734729449922278,0.0015038970728170908,0.5906733073853814
46,0.3206505045828941,0.00032821606305563297,0.014894974431495268,0.1601550159678744,0.5039712889546808
47,0.33573038857751386,0.05048170166628626,0.0035246348470285155,0.3116540354852094,0.29860923942396184
48,0.728510609679526,0.0003771651586092054,0.003958366394651988,0.18925112071108507,0.07790273805612802
49,0.3911098454714452,9.146015334455097e-05,0.20360832998619618,0.33175764715225364,0.07343271723676027
50,0.2063872699407237,0.00043551843103589814,0.10946599145819044,0.1738843922808923,0.5098268278891578
51,0.10041068876751805,0.004163461787591603,0.015081098563717508,0.009025495422783905,0.8713192554583888
52,0.09116280427766513,0.00012777478095845973,0.058734917902535384,0.736009157969452,0.11396534506938946
53,0.9436033503383155,0.0009258475769699675,0.0029569262432481507,0.008087108810220688,0.04442676703124574
54,0.1741238942457363,0.0036973323963632853,0.06754652765814481,0.00783694136352926,0.7467953043362263
55,0.19514185917472293,0.0016397415548890125,0.2114454743639927,0.052175825679932106,0.5395970992264632
56,0.5532219862231429,0.0001762221496197326,0.022070857921215773,0.3034078913328542,0.12112304237316789
57,0.22704779662833077,0.0003858242333897223,0.0036752969335894984,0.6917255635375166,0.07716551866717362
58,0.022183992302458606,0.005933228422516257,0.05801966478457596,0.0009699558852064557,0.9128931586052427
59,0.002576332800809761,0.009896065062182016,0.020014417694189608,0.0009154230781192651,0.9665977613646991
60,0.73755088682448,0.0005700476451550935,0.004615965784977063,0.1068250402813109,0.150438059464077
61,0.6699882277318985,0.00043889438708937087,0.01921107603352433,0.06205286610579512,0.24830893574169238
62,0.08937335856213179,0.000426035201237193,0.06017016753048413,0.7442335270813316,0.10579691162481503
63,0.5365454174496547,0.004685152923138313,0.010147313305163842,0.05882708517047522,0.38979503115156755
64,0.017340818607928143,0.007304683966433433,0.02388992645347836,0.00118785700129718,0.9502767139708628
65,0.010938669143639203,0.011026764870161836,0.019852528278840365,0.0010223677794345967,0.9571596699279241
66,0.8036521065204826,0.00010783926745457952,0.0010638629805914705,0.18656629136032976,0.008609899871141632
67,0.9785845682828455,0.00014460715315397268,0.0007881547033125484,0.00584611335089778,0.014636556509790165
68,0.15087087444739722,0.0007150956987000391,0.26899763492786405,0.3943667389954514,0.18504965593058725
69,0.2902121308132427,0.0002573794541366757,0.13461499343839936,0.4488319601840164,0.12608353611020487
70,0.003507140279765426,0.013890570269120207,0.01630045329575918,0.0006393231239309689,0.9656625130314239
71,0.05382017531384907,0.0014852462104386521,0.0800507216300198,0.10530041698305306,0.7593434398626397
72,0.9440820212230826,7.978456578043756e-05,0.0009088965127498109,0.04433240245872136,0.010596895239665925
73,0.023172499278796783,0.009470693595274766,0.006427466060880231,0.0007284240506702975,0.9602009170143779
74,0.1351711993342899,0.0005892500448084454,0.15740458537379498,0.44977254405856704,0.2570624211885396
75,0.01030605683728734,0.003284976934122025,0.0209158676065015,0.0010804070260120747,0.9644126915960768
76,0.1952994987561925,0.007824842803324367,0.3593140781360817,0.004967120248063706,0.4325944600563374
77,0.949156514926979,0.00044549866204488637,0.0015781738765692156,0.005138385064876013,0.04368142746953073
78,0.11058644967184614,0.008996262812331962,0.07374619839928831,0.05165103190401625,0.7550200572125179
79,0.37757570453703376,9.833055032501696e-05,0.05303946904110372,0.4979520945108629,0.07133440136067465
80,0.7825676802519834,0.001223348075993037,0.0041893888961749975,0.00868812902274687,0.2033314537531018
81,0.09302914970820486,0.0026967746841993134,0.022569691093132914,0.001330425006409833,0.8803739595080533
82,0.061424321191557926,0.003278586398794977,0.005657731850290132,0.0011110648282694232,0.9285282957310876
83,0.6561554879745232,0.00043249353969914296,0.002789290780050192,0.31945677223791874,0.021165955467808934
84,0.023560821976114966,0.15575841127435933,0.020501303334237716,0.05091672034927392,0.7492627430660144
85,0.4617921127228902,0.00010253529603628704,0.057252352082839755,0.36751694458555206,0.1133360553126817
86,0.22310587574334623,0.003944173607254491,0.12947880259465794,0.0013844382004426106,0.6420867098542984
87,0.12600351273815238,0.0005535959503881073,0.2671483989590892,0.3888000101783579,0.21749448217401213
88,0.7267872797564566,0.00017583611044902882,0.0015957868529102362,0.10482079671797932,0.16662030056220467
89,0.15421070777729784,0.005745674772076499,0.1805397035976053,0.051258023856566685,0.608245889996454
90,0.7674447885433888,0.0002959866976106281,0.0011284277109395212,0.005207304878632753,0.2259234921694282
91,0.05521177289793575,0.012556647370213486,0.20713934641282403,0.0024214344240253635,0.722670798895001
92,0.004904876094342421,0.010000635400479832,0.2837702837594568,0.001742726823922381,0.6995814779217985
93,0.8031796791313437,0.0004186462700851325,0.0017405228375919578,0.007069402801042881,0.18759174895993652
94,0.483823287708473,0.0003442155174433314,0.1051860904213018,0.28407679531978447,0.12656961103299752
95,0.026762038559068273,0.005134724501730429,0.060796329159728026,0.051382511590251985,0.8559243961892214
96,0.6569551141496253,0.00017228099035693895,0.002685252840007013,0.22490567423254387,0.11528167778746706
97,0.5652173703252286,7.869891517475332e-05,0.0015075147308197345,0.3719156452130499,0.06128077081572725
98,0.047150571526065346,0.0030147945966851677,0.018915434755312557,0.0012920137589579402,0.9296271853629787
99,0.22692560829341624,0.001935621402261188,0.017314662544130784,0.058484490800722815,0.6953396169594692
100,0.3618341930100733,6.389239355644942e-05,0.0022434821298677196,0.4219769092552175,0.21388152321128506
101,0.48402033236390407,0.0011335315646117973,0.0059891314174953195,0.06134402196248216,0.44751298269150686
102,0.8279249243176454,0.0002792441031916107,0.001121033094702074,0.15649342314315753,0.01418137534130321
103,0.24131793263299398,0.0006166852772001546,0.0557971468280342,0.4441231295560339,0.2581451057057381
104,0.20554195687038596,0.0006359646223517265,0.004035648155341987,0.29543210090118177,0.49435432945073843
105,0.3176001675879946,0.0007784064347010486,0.003538837464157998,0.40886052104991455,0.2692220674632315
106,0.4930561566194016,0.0006286778639001836,0.003482520314734195,0.3742948800252683,0.1285377651766958
107,0.1849795236858907,0.00017425173103860134,0.35575500595832077,0.406790113501597,0.05230110512315285
108,0.11657220042437924,0.0008391789994464795,0.02070596402946881,0.44221969536634714,0.41966296118035806
109,0.8678171549729997,0.0002512387428886231,0.0013148328711951528,0.007055617295845916,0.12356115611707057
110,0.25498323295964304,0.0008981250357394705,0.05499980930638403,0.21178063731304672,0.47733819538518674
111,0.6604433002752274,7.042192367430995e-05,0.0018603908621712146,0.2290007235363726,0.10862516340255433
112,0.7449571248426576,0.0005986220075908165,0.0032220764524631407,0.22242287149851447,0.028799305198773776
113,0.41254971690521464,0.00023361175159823043,0.01508671002028463,0.4403108571624955,0.13181910416040724
114,0.11149802566570378,0.0003336264647143706,0.006695680424013475,0.6876290569403257,0.19384361050524263
115,0.002716021778894606,0.008678677678982331,0.01923194215436779,0.0009436044899867015,0.9684297538977689
116,0.7004542114658925,0.00033342436831425266,0.003426039566245399,0.1021922665830774,0.1935940580164705
117,0.6399747398270735,0.050103282003240296,0.001025257315925874,0.24819736676164406,0.06069935409211642
118,0.02050256801431764,0.0005897086021828619,0.42669997174692376,0.4459973732760016,0.10621037836057429
119,0.1043784934019105,0.0005475956284684261,0.03507861258863909,0.788662193825967,0.07133310455501463
120,0.4291016209575989,0.002136446554529552,0.0724217733040115,0.0022802815952247817,0.49405987758863523
121,0.8323315449283166,0.0005488051763026133,0.002114411050290528,0.007023596708021201,0.15798164213706883
122,0.8854735217403275,0.0010621589135301939,0.003626849301879828,0.008297681668185666,0.1015397883760769
123,0.9285553970860225,0.0007946773654725928,0.004361280157690021,0.011645974710007053,0.054642670680807644
124,0.033813182202234296,0.05375944131054899,0.008588261888841316,0.001275130212907336,0.9025639843854681
125,0.03438425387666005,0.0009232127960751839,0.035389759119209274,0.007978852085165184,0.9213239221228904
126,0.8525979051074858,0.00039676092246889854,0.0024173596568658096,0.07034309023245175,0.07424488408072792
127,0.00704682104845426,0.006935819034782595,0.20349030558275613,0.05269286713867478,0.7298341871953326
128,0.7311283473400763,0.0008050009595271912,0.052007218552282505,0.05613638705553321,0.15992304609258046
129,0.9378281026693912,0.000574931125685751,0.0036169227386615866,0.010601044924463466,0.047378998541798036
130,0.7399904388945311,0.000566468897437099,0.00374232952084526,0.16105697660705331,0.09464378608013305
131,0.6978589464475453,0.00020671663667074552,0.004741461155528983,0.2680702867182154,0.029122589042039744
132,0.9350430126875233,0.0006488864692205561,0.0038600860591355723,0.011330806542396807,0.04911720824172373
133,0.551827897643181,0.00323998428734382,0.018958441970962726,0.0012218916130823474,0.4247517844854302
134,0.42887893597445315,0.0002021368891673538,0.052479060731942216,0.332631028678544,0.1858088377258933
135,0.6971177563559086,0.0003919366587348505,0.019769754331259406,0.05446728207591313,0.22825327057818418
136,0.503405970623072,5.4899855143101496e-05,0.001477555573083039,0.48494660863230876,0.010114965316393085
137,0.35370319609480816,0.0014606962326578436,0.16005588586817251,0.31812765386894337,0.16665256793541827
138,0.04929901106687112,0.005704784312766607,0.0062758251536388435,0.0007926816506488713,0.9379276978160745
139,0.2524803933131152,8.657155503990611e-05,0.005871218773489757,0.5796744155077878,0.16188740085056735
140,0.11290088594963404,0.026889428728452233,0.05472716259465427,0.0687110080691535,0.7367715146581063
141,0.591288397918112,0.00013575789732936142,0.001223814095237337,0.19460862052723388,0.21274340956208743
142,0.37895394249264003,0.05492004762947358,0.016278676581629153,0.007465342468541017,0.5423819908277165
143,0.26955497931922656,9.410272006167972e-05,0.005369421122610135,0.4578103284557561,0.26717116838234556
144,0.13735503725469855,6.975563868822775e-05,0.15792379430053188,0.5412942343862035,0.16335717841987774
145,0.4918230098474225,0.00043231069398663876,0.0025649140639320772,0.21404807209681773,0.29113169329784117
146,0.18467391372230474,0.00010779278580117825,0.154596496972447,0.3912442991172252,0.2693774974022217
147,0.27800056139666895,0.0035770688694053833,0.1376197222521023,0.17568389276394425,0.4051187547178793
148,0.191570319196814,0.00013393218090923984,0.11076763947989479,0.5832738368116677,0.11425427233071432
149,0.0017988474698417338,0.012720855025584777,0.02049132699493196,0.0008359647901244502,0.9641530057195172
150,0.05684620996077561,0.004699254319290512,0.019168738087495658,0.05901354321302546,0.860272254419413
151,0.27384570517268636,0.001786759892988531,0.1667497564723167,0.0022755434050059494,0.5553422350570021
152,0.11803930145713551,0.0031235288184695374,0.28847290848383167,0.10218973384715055,0.48817452739341316
153,0.6063192864103848,9.273958069123668e-05,0.0015559921404571652,0.17172872351976654,0.22030325834870018
154,0.09142536628263079,0.0006480952369465986,0.11406192518551274,0.4747586428042726,0.3191059704906375
155,0.6101904711053256,0.00027501451082054295,0.007762015368990002,0.05720099306181527,0.3245715059530485
156,0.8179802686361144,4.8306446839925136e-05,0.0011188167718212036,0.11768420241412526,0.06316840573109918
157,0.30329209464791196,0.0003013015897495357,0.008807970229422007,0.5087578673286788,0.17884076620423767
158,0.007323590833847928,0.005999368568694055,0.01971335133145398,0.0008589106984106963,0.9661047785675929
159,0.24190760389842342,0.0002762541650406685,0.0036874643213206503,0.21449854174322897,0.5396301358719859
160,0.3471865633828132,0.0006315184347572829,0.05518790133232144,0.249013737813514,0.3479802790365941
161,0.30479427273233006,7.322315057161926e-05,0.0020115067898729944,0.22690270127172132,0.466218296055504
162,0.3099630562317943,0.0006690065567801317,0.25545654753416647,0.28873852318256255,0.14517286649469652
163,0.01897376696846287,0.002857951612784791,0.007675001629843672,0.004762809240685572,0.9657304705482233
164,0.9740294866757977,0.0002213923415348203,0.000973095257822333,0.006017603231656703,0.018758422493188615
165,0.2528337996068741,0.00041134653928834227,0.05795673509952664,0.6356734352877129,0.053124683466598085
166,0.8596848751127328,0.00039577374042224953,0.0013955210351623407,0.006110235675180618,0.13241359443650197
167,0.8449354603234647,0.0004978157128828439,0.0032662397970205986,0.1246761416938268,0.02662434247280522
168,0.6593056420254049,0.00019210853213784586,0.0020851716865338283,0.16339217192776506,0.17502490582815827
169,0.21464488851033164,8.920622029940784e-05,0.052565032740995,0.6622820434775059,0.07041882905086837
170,0.49327693200260736,0.0004374775157718052,0.004043854032887624,0.10956422885770425,0.39267750759102915
171,0.005602755089105579,0.010353730188067914,0.19664262179645203,0.1021441270440106,0.6852567658823643
172,0.6530707897372854,7.135795172267508e-05,0.0019180412765893212,0.17916759160942292,0.16577221942497958
173,0.40955844344689085,4.797108048970368e-05,0.00214981147149889,0.5803965052845865,0.00784726871653388
174,0.276095840287957,0.0001248781280578243,0.055365043591010354,0.3937391439125567,0.2746750940804181
175,0.18426123875565179,0.15022118232902917,0.029284765326826716,0.5601361742867504,0.07609663930174207
176,0.42143601728800684,0.005004172204489804,0.012041241952371402,0.007489156649568928,0.5540294119055627
177,0.11579915891020506,0.00043468928608679335,0.26914537248407144,0.596212283490465,0.018408495829171975
178,0.839341235594559,0.0008835839053418066,0.004125087933562792,0.06133796339042793,0.09431212917610812
179,0.7410987192826987,0.0502157926601759,0.007845443236787632,0.15931656287647705,0.04152348194386095
180,0.06072821146116503,0.0006029855792437273,0.1828589983137667,0.15712453844854138,0.598685266197283
181,0.03452199644017081,0.0074687659708981835,0.12185894126509193,0.0010609844742692988,0.8350893118495699
182,0.6002922610573292,0.002240931714245542,0.010616210185865064,0.05745840232774366,0.3293921947148162
183,0.3177836252711468,0.0007422073661002286,0.0063254147318339135,0.26243685550053497,0.4127118971303845
184,0.16844411742149318,0.0010008051063801144,0.17065405011314122,0.21160877990399946,0.44829224745498636
185,0.6766795343756574,6.416077019869114e-05,0.0015351687885817027,0.16320035690143053,0.15852077916413154
186,0.25966989280602626,0.0001722920813976133,0.0032053174078130442,0.4112662802966681,0.32568621740809495
187,0.012533314753531062,0.0029810801436391714,0.0698562441461149,0.0012987713813243957,0.9133305895753907
188,0.288211108574518,0.00015192434333608813,0.00230857004734629,0.5809119873521723,0.12841640968262752
189,0.8664185710627841,9.63501965823797e-05,0.0016241464204496295,0.059801474403697236,0.07205945791648649
190,0.9245854143951641,5.420296965585194e-05,0.001230291973997293,0.06084982042394885,0.013280270237234054
191,0.4211808764341889,3.594295026267652e-05,0.002898425377284991,0.5185276484235287,0.05735710681473496
192,0.3221613586564386,0.0001324216169163704,0.0522755115705677,0.35735035003429944,0.2680803581217781
193,0.17551768902544396,0.0007546458811172427,0.018321680068434577,0.16573007481624696,0.6396759102087572
194,0.4548115503418939,0.002251573704840334,0.12736855985944112,0.007495190142054289,0.4080731259517701
195,0.7426793721050462,9.673847845534082e-05,0.0008560857578090433,0.04321856642726002,0.2131492372314293
196,0.3879665036673646,0.05097551331617283,0.006720855480407606,0.013398405999555746,0.5409387215364991
197,0.5959981736569138,0.00010776703397772814,0.05117144355468531,0.24314099104212403,0.10958162471229937
198,0.6561554879745232,0.00043249353969914296,0.002789290780050192,0.31945677223791874,0.021165955467808934
199,0.36198559751431536,0.00015327993794911533,0.0033222217647010193,0.4628215083967432,0.17171739238629147
200,0.6089648599748626,0.0008995367542493631,0.004997088431161357,0.2304068611711682,0.15473165366855857
201,0.044072012093272425,0.0014390646306024113,0.008047030078412907,0.001701439777842994,0.9447404534198692
202,0.37151744994832303,0.000313179760771757,0.009860707382782084,0.18309715319442652,0.43521150971369676
203,0.4608463768056945,0.00011360148626801519,0.0036980091020191955,0.4103702214550106,0.1249717911510078
204,0.696072876922001,0.0001613233577476437,0.0059536798438026926,0.15767411366071316,0.14013800621573577
205,0.1687245121878316,0.00033315815525690283,0.007391291561821002,0.6778943837509249,0.14565665434416575
206,0.5093914311503867,0.0003626865720990894,0.0018780447546566028,0.009154135317052383,0.47921370220580545
207,0.545329066840194,0.0004222767333274942,0.0037441396399908087,0.324256393333063,0.12624812345342468
208,0.3547375658255123,0.00014923937382055625,0.14219231667920337,0.3692942996726074,0.13362657844885656
209,0.11474136629777648,0.0005621239470580574,0.15736986990743318,0.567669925915793,0.1596567139319392
210,0.6363891899578425,0.00023672171461268344,0.0036532127665590405,0.24034892165779495,0.11937195390319084
211,0.05190838188964645,0.007927684075015352,0.11988119162337502,0.000961489515706687,0.8193212528962568
212,0.1614964343518892,0.0002657861664508304,0.06805393228647849,0.2889704393251304,0.48121340787005096
213,0.6837729110852375,0.00023963029610482835,0.0043674845735142825,0.19248088516283707,0.1191390888823062
214,0.6114783756897244,0.00029627283174048165,0.009302860019292893,0.05812175832646488,0.320800733132777
215,0.004332297857176781,0.005289272793895006,0.024161019660112224,0.0010373526415013243,0.9651800570473142
216,0.7170970307598212,0.00019333374792422376,0.0143953408347808,0.016101363237182198,0.2522129314202917
217,0.6448190998036472,0.05565361426447894,0.014203623736202157,0.000945200472405898,0.2843784617232661
218,0.5850286698644345,0.00073506435713067,0.002811599393285165,0.05770406072429556,0.35372060566085406
219,0.41705973428238946,0.0006800250866650454,0.05502924683714315,0.18451753976718677,0.3427134540266158
220,0.1764307606114367,6.0158950988229024e-05,0.05903088560952448,0.49917095121585403,0.265307243612197
221,0.006809936558609225,0.002149848843392678,0.06897810523417547,0.38988798629417215,0.5321741230696502
222,0.20971361906377434,0.06456192820196559,0.06977696654134122,0.001016472702823107,0.6549310134900959
223,0.26592128286674444,0.05689703996192373,0.012031011420236385,0.004733016753651158,0.6604176489974443
224,0.7286281982983082,0.0001114978465128314,0.0013872934216944564,0.1572335324473536,0.11263947798613103
225,0.0036474324216606148,0.0002547444533151488,0.12398738517393744,0.8166036623529755,0.05550677559811134
226,0.8662033414324035,0.00010384869367708851,0.0016311758958904102,0.1178307171869135,0.014230916791115608
227,0.10791809546456549,0.004815787658106738,0.12392105578058088,0.0011570894882626207,0.7621879716084845
228,0.054708217136171085,0.00044592155042587616,0.008176264758293902,0.007750251313615243,0.928919345241494
229,0.44365282635069847,0.000527629128726828,0.10470801402012242,0.15434217661945793,0.29676935388099446
230,0.05426141608249008,0.011825370684552548,0.014921708272514692,0.000650008024011492,0.918341496936431
231,0.9580326527241579,0.0007046181299522551,0.0022610420013506735,0.007331986576379955,0.03166970056815932
232,0.8921196577747431,0.00011002445205051536,0.0010697471340353549,0.043993352143876605,0.06270721849529455
233,0.015579434183014784,0.005762644361885545,0.16779875035548583,0.0009755872639417004,0.8098835838356722
234,0.013232879612195499,0.0003095291649061276,0.222675647992007,0.5333380051074403,0.2304439381234511
235,0.1099853021279729,0.05013908621667965,0.05849275903949959,0.6614585776647666,0.11992427495108139
236,0.6278132897377904,0.0025243736183458727,0.006020333660316521,0.008199998700881648,0.3554420042826655
237,0.3296885308505566,0.0004429748411127428,0.00590584585681325,0.619826725549912,0.04413592290160548
238,0.15446548003091704,0.0016691516012230824,0.08339007864627804,0.004842218956252573,0.7556330707653296
239,0.8463362151060796,8.986282655457907e-05,0.0009110997509739756,0.09413106606001612,0.05853175625637554
240,0.7699256675508184,0.002793364567336058,0.0155867314662249,0.0010890154268252666,0.21060522098879542
241,0.8796343201957977,0.0005893331892052365,0.014658684925674985,0.007426639671102186,0.09769102201821958
242,0.31271942870683156,9.29738257494122e-05,0.004819597436912891,0.412533704953837,0.269834295076669
243,0.8742214198036432,0.002285135894558791,0.00978564455258377,0.0010287411262331373,0.11267905862298114
244,0.566224723063427,0.00023125783768200637,0.05210130483297297,0.26098918302931595,0.12045353123660209
245,0.2475431772593175,0.0003024548916674044,0.004701444195666834,0.21316331821821655,0.5342896054351316
246,0.425325469560391,0.00015622663284348804,0.012920507963290329,0.48964037043130215,0.07195742541217288
247,0.2728996332654525,0.0016331036498777231,0.05490757033838812,0.10956173088773745,0.5609979618585441
248,0.5372886108571584,0.0007585597427941863,0.0024118873297537106,0.2066421918827813,0.2528987501875128
249,0.1629872150782586,0.0002751070055037956,0.00618421228399222,0.5921250298270186,0.23842843580522685
250,0.8826471155559746,0.0019700508844230995,0.003740771395142326,0.0071664346000096584,0.10447562756445015
251,0.003908379563003953,0.003073919040065638,0.07892298426677438,0.6045181109644558,0.30957660616570026
252,0.2839952485479481,0.0001695432674827118,0.05547663146756564,0.5893627715848687,0.0709958051321349
253,0.04452773932139437,0.002408935100687417,0.019605919906541314,0.0015779306363787836,0.9318794750349985
254,0.2992089930588543,0.0001865563943636476,0.009068470421473936,0.5659409899424026,0.1255949901829056
255,0.011440726305364532,0.00458471258102295,0.020911973813357812,0.0009217963343370393,0.9621407909659176
256,0.49165661650287595,0.00018899082863017808,0.0025276051841183,0.27587105930266176,0.2297557281817138
257,0.22483196963057234,0.0010615299734290803,0.11933621256007446,0.11382114583637112,0.5409491419995527
258,0.6971763599927143,0.0005772228744023835,0.0022924323900250583,0.00912229947079539,0.2908316852720631
259,0.20988396518085323,0.0002555278369534509,0.018447717663014916,0.6902797171777753,0.08113307214140308
260,0.8251181736463271,0.0010376070385802573,0.01405108352439185,0.005788226863273953,0.15400490892742716
261,0.6346710437086133,0.0009396569646086743,0.00585757088346423,0.1324352697532051,0.2260964586901087
262,0.8459816391676422,0.00017747997725534173,0.0011589753313687495,0.0900442806209365,0.06263762490279695
263,0.7607732469887845,4.480676256332031e-05,0.0012699709255850882,0.17292384104387826,0.06498813427918888
264,0.1149729282288217,0.0005096136531927162,0.0066084551617867,0.7226853927770585,0.15522361017914044
265,0.3558555190792066,0.00011370220834724151,0.003617082283673109,0.42172408817258,0.21868960825619355
266,0.19628795847699637,0.05447280679359897,0.2646163515652462,0.16512701931276028,0.3194958638513985
267,0.1290698064338232,0.0013565498376472912,0.2837145071303821,0.006509359094202743,0.579349777503945
268,0.05608955183595939,0.007971081184186195,0.17595692147942893,0.0010023904348099837,0.7589800550656152
269,0.06405794773757044,0.05921022812953344,0.00846799952206154,0.10097238871482804,0.767291435896007
270,0.8319799926524756,0.00045962993167358824,0.003793578824149467,0.0638326270314548,0.09993417156024656
271,0.18333369203730027,0.002367782228716894,0.02480394523777386,0.0017880505397611397,0.7877065299564476
272,0.11058049347464675,0.0058274456399299655,0.32831297949980637,0.0019069639252122241,0.5533721174604047
273,0.21298597190309226,0.051362440515649456,0.011503236633392545,0.5975834217314304,0.12656492921643503
274,0.0756541311140526,0.05044060637280081,0.3368662784112031,0.17645880700822714,0.36058017709371676
275,0.12975693311346653,0.004747919885946581,0.29768112273284536,0.052605043027964565,0.5152089812397767
276,0.00599213544285823,0.011072059649717043,0.028544141586478364,0.0014925530261408135,0.9528991102948052
277,0.0623331852009185,0.0031911671010994656,0.005555178258599177,0.0010823821451764132,0.9278380872942066
278,0.20801903497325297,0.0034035625529138134,0.17350465385345185,0.051613506085630374,0.5634592425347511
279,0.35634040279700996,0.00038524365346085754,0.0018085682239717407,0.05785348642490875,0.5836122989006487
280,0.12068626000669937,0.05806621476869796,0.06341974082558227,0.005792533962198138,0.7520352504368221
281,0.6112759795338842,0.00011900014713696863,0.05192317046701916,0.17320474829508392,0.16347710155687578
282,0.2781750052496,0.00028237083485826606,0.012100674271440844,0.42663271782090695,0.282809231823194
283,0.05387606215194813,0.0022816196964485203,0.03019467036876431,0.005176487838562327,0.9084711599442763
284,0.8834969252205129,0.0010387732550590242,0.003115131701172537,0.00780086590746681,0.10454830391578865
285,0.08393814199250169,0.0004630733846535891,0.11269279298031677,0.5536579039595781,0.24924808768294981
286,0.5106717366633272,0.00035829625466409615,0.20433897145535243,0.20451348220607374,0.08011751342058239
287,0.222612678023722,0.011268598747968537,0.006007433481468687,0.0007497412763120258,0.7593615484705292
288,0.030685028686229014,0.007558681461924099,0.02419464293788025,0.001011605101023691,0.9365500418129429
289,0.7699879418450358,0.00013307115354686653,0.0017656053949055674,0.16164458317486124,0.06646879843165045
290,0.309318260670012,0.000407607719916814,0.0051200875457883994,0.3557798873872764,0.3293741566770062
291,0.8537769015550247,0.0013809790947109102,0.012872778873420056,0.0015768826982361153,0.13039245777860814
292,0.9767928124865626,0.0001508505263144687,0.0009017627591664853,0.006198614418181107,0.01595595980977552
293,0.7908484727707721,0.0014536965503588297,0.008141630607306936,0.0010370047842639819,0.1985191952872981
294,0.1908126238836385,0.002138804551560896,0.1420712328335271,0.22595938995954795,0.4390179487717257
295,0.34340619048963184,0.00012540690404939112,0.009862451382512759,0.4784328625263433,0.16817308869746272
296,0.005429807304722729,0.0016091753166920066,0.034625533934302975,0.006106536824953298,0.952228946619329
297,0.3077441806500495,0.00031067396325666906,0.055037363100128966,0.5075233560437457,0.1293844262428192
298,0.07178066434867693,0.0027306089259725875,0.18981983853004733,0.006469814295511724,0.7291990738997913
299,0.684853526138976,7.749533880290706e-05,0.051297740523497753,0.22780741752188796,0.03596382047683546
300,0.2524965623005516,0.002081148318537623,0.06188616654324269,0.2151298305911497,0.46840629224651825
301,0.28644579438174933,0.00018561769685226205,0.0036193344107944034,0.6912575249348767,0.0184917285757271
302,0.6492377162407789,0.00032811312472730086,0.001506058394029883,0.006634963748944357,0.3422931484915195
303,0.9497157052084624,0.0005428503228184552,0.0024766144536134925,0.008826096261863321,0.03843873375324213
304,0.5627982436098308,0.00012468905738709335,0.10220301911160999,0.11569279873317062,0.21918124948800166
305,0.022259963418361204,0.0017052490244355992,0.28989888252689644,0.15889746972898705,0.5272384353013198
306,0.16520869865985813,0.00028105008354799933,0.12490246917004928,0.6521001777578115,0.05750760432873284
307,0.9376346179993592,0.000441965005434086,0.003627460161470997,0.013008127909381783,0.045287828924354
308,0.4061595742760477,0.00031819713879545884,0.002426643780018445,0.11059879140322237,0.48049679340191614
309,0.797405911703482,2.718759891562688e-05,0.0007876085777338198,0.1960618125512601,0.00571747956860846
310,0.05831706638922709,0.05447839011853456,0.0633118263608643,0.007663795140179924,0.8162289219911942
311,0.2610702092197623,0.0015175898555421616,0.16601786313153816,0.17329808894795218,0.39809624884520545
312,0.8441101934908231,0.000770718858958929,0.005813435757547697,0.0009059776980724995,0.1483996741945977
313,0.25872811513754906,0.0027968631470386193,0.026881151127628643,0.0012792438307539275,0.7103146267570299
314,0.3796115916838547,0.00010558516592635858,0.0027459663062755235,0.2529635528870807,0.36457330395686255
315,0.09980907567331049,0.0011832055744501807,0.002721274265315247,0.00601055659836231,0.8902758878885622
316,0.6562469579134331,5.342874888443854e-05,0.001692092966805317,0.2842653488931646,0.05774217147771238
317,0.28854853927007756,3.8081288854124197e-05,0.004126576955841663,0.5989370991822259,0.10834970330300088
318,0.7472401239046524,0.0012388590178637508,0.021303570401227573,0.05813554849497644,0.17208189818127978
319,0.012380889019464152,0.0021195118622377484,0.06931564287264108,0.00128338758563336,0.9149005686600238
320,0.28810832731627345,0.0001953474846571108,0.05326831745938878,0.5889196318545621,0.06950837588511878
321,0.6649509847060998,0.000701417188043865,0.006358266528434602,0.1687124308948581,0.1592769006825635
322,0.042109854463584305,0.002042433331022805,0.007735986716249249,0.0014853879671753193,0.9466263375219681
323,0.026963205337065685,0.0032778972099285625,0.05897988061494021,0.0013756452044524638,0.9094033716336132
324,0.5710825428808683,0.0019721721673212605,0.004727916074933834,0.05836154209088516,0.3638558267859915
325,0.8654102763812863,0.00022590708028500842,0.0013702884406527837,0.057383673293307604,0.07560985480446833
326,0.9143032707743439,0.00018124600371243694,0.0014769217683487782,0.008583606731140562,0.07545495472245453
327,0.7247540174509689,0.0006218095464823949,0.006007869475631889,0.09237954766465681,0.17623675586225998
328,0.538125893411189,0.00021786261893065402,0.004964400236457914,0.2802142640767581,0.17647757965666444
329,0.7966854812787262,0.0001218713622068405,0.0033663861137261343,0.11984824435030741,0.0799780168950336
330,0.11217973733826259,0.0011682261780424227,0.11952692495358738,0.14982827458024345,0.6172968369498644
331,0.06430785329369416,0.00015085995160613722,0.06719754146125397,0.5059420386480045,0.36240170664544147
332,0.0027872006345357908,0.005456209397059608,0.018608894172475843,0.0008738707225436578,0.9722738250733852
333,0.9338303725920768,0.0006655694323116223,0.004147779694172554,0.011203314151901962,0.05015296412953682
334,0.2512939810650292,0.002509140310808901,0.02009032669397185,0.05569786851369726,0.6704086834164924
335,0.11551133389091361,0.001417157384611119,0.08740497962127741,0.0076857024550993115,0.7879808266480981
336,0.8867328400316317,0.000895873534723212,0.0038921705800776946,0.008671315476912878,0.09980780037665452
337,0.10427150728864587,0.003948374636378614,0.4451368377450211,0.053684145417961494,0.39295913491199286
338,0.19619585392668723,0.001180311606466294,0.006893847505671428,0.3717051691980479,0.42402481776312695
339,0.17768557325626394,0.0005334405241899268,0.2380801909596948,0.11062700352287877,0.47307379173697256
340,0.6682912022115861,0.05006450555237315,0.05148643596499406,0.21879991452698622,0.01135794174406063
341,0.43345910672426563,0.0003645503308168048,0.05537938682567729,0.051593374618495356,0.45920358150074525
342,0.7858310139607888,0.0006889312506130263,0.003618405905873763,0.010170560009163738,0.19969108887356088
343,0.10656876885888178,0.0019765536755536797,0.48208266383841886,0.11291682191739431,0.296455191709751
344,0.5453330915899324,0.00033151773012172965,0.0027017786988330007,0.3280321009175199,0.12360151106359317
345,0.8445841000829744,0.0012443855486575525,0.003411970632771013,0.008329757140634341,0.1424297865949627
346,0.16792733456864495,0.0002652517280855371,0.30386481494230877,0.15122733298007646,0.37671526578088416
347,0.10581743779604884,0.0002703826744591999,0.0585122971119406,0.7122710875176566,0.12312879489989505
348,0.15775452872461104,0.2035180450937259,0.06694611703951851,0.009746057912869442,0.5620352512292756
349,0.1100596444570896,0.0004377385216717716,0.07659752099872379,0.7493296314644222,0.06357546455809251
350,0.2495942535918029,0.0007345067517920991,0.15857816055104296,0.4030682264006501,0.18802485270471178
351,0.3815389318940171,5.039230089163581e-05,0.101070527178257,0.3564804254568481,0.1608597231699861
352,0.046329685451885864,0.003317326274450736,0.006424601756110445,0.0010218712232051826,0.942906515294348
353,0.3577509349767012,0.00014107798305931847,0.058418231784978514,0.41847437040238067,0.16521538485288043
354,0.48981002818442343,0.03844233786643987,0.0014039312621231938,0.0527270819056255,0.4176166207813885
355,0.5163575670157035,0.0008724890676409047,0.004362316668460936,0.3280204790025866,0.1503871482456082
356,0.10950190318832659,0.421847237076735,0.1199487562312789,0.0008910129763147741,0.347811090527345
357,0.3319166457266251,0.0012425012487900754,0.029603276083726204,0.007647682155303724,0.6295898947855547
358,0.3026669846624459,0.0017514106161005297,0.021105709462155238,0.05553938141303801,0.6189365138462601
359,0.16945358314597397,0.0047522482461528825,0.013632332262852754,0.006729904740972589,0.8054319316040481
360,0.5110144126326506,0.0007941734914630497,0.017625886934093563,0.056303401525648174,0.4142621254161445
361,0.6964721250839172,0.0006261168118374319,0.0021889784088998335,0.006512284368994179,0.29420049532635156
362,0.09584001804040493,0.001118114309905963,0.016704436759403404,0.44687542391272916,0.43946200697755666
363,0.23915707012439685,7.368623918420697e-05,0.05752490138039637,0.3912152321841883,0.3120291100718344
364,0.627660712521696,0.005263675225445068,0.10961501099240356,0.007537393142780701,0.2499232081176746
365,0.7135811739327099,0.0004816556992818378,0.051601033395103295,0.10687430666459133,0.12746183030831354
366,0.00012702951161136172,0.003437652333982035,0.531090162150939,0.05500244085617287,0.4103427151472948
367,0.6097898496982488,0.0001771103417606261,0.008850002660106963,0.057953754423069846,0.3232292828768135
368,0.050694109134033286,0.0005079808613642734,0.5821860719309635,0.1264769888442574,0.24013484922938122
369,0.009958677543576051,0.013981223914411898,0.023768047191481668,0.0012294201797213762,0.9510626311708092
370,0.4835989146915267,0.00032086432914519127,0.006146041871677526,0.1553170265107673,0.3546171525968832
371,0.36634633972925124,0.00030122748401539075,0.002056855393657491,0.20157611878318807,0.42971945860988786
372,0.6495099585066085,0.0010847578576289188,0.02212560687701266,0.11004148850322405,0.2172381882555257
373,0.9799087761666857,0.00017551110597655532,0.0008255266362618236,0.005720579246865667,0.013369606844210484
374,0.2648371651633932,0.00017934027945699067,0.06666409867701471,0.29604131023081004,0.3722780856493253
375,0.03849914661879533,0.002430550006787357,0.007076929716797239,0.001056537167414522,0.950936836490206
376,0.27361528207366237,4.535486299895867e-05,0.004227823647425178,0.5147767045480005,0.20733483486791282
377,0.5608696805884378,0.0005456442309342556,0.10436034919528957,0.193188753917092,0.14103557206824652
378,0.7998670244711981,0.00010533342871343097,0.0010579045289719115,0.19002849746702632,0.008941240104090097
379,0.6018196906861616,0.00020444647209133656,0.00206454679944598,0.06815319793873797,0.3277581181035629
